28523
28080
-880
-28946
-27617
1758
29348
27133
-2636
-29729
-26630
3512
30088
26108
-4385
-30425
-25567
5255
30741
25008
-6121
-31034
-24431
6983
31305
23836
-7840
-31554
-23224
8691
31780
22595
-9536
-31983
-21950
10374
32163
21289
-11205
-32319
-20612
12027
32453
19921
-12841
-32563
-19216
13646
32649
18496
-14440
-32712
-17764
15225
32752
17018
-15998
-32768
-16261
16760
32760
15491
-17510
-32729
-14710
18247
32674
13919
-18971
-32595
-13118
19681
32493
12307
-20377
-32368
-11488
21059
32219
10660
-21725
-32047
-9824
22375
31852
8982
-23010
-31634
-8133
23628
31393
7278
-24229
-31130
-6417
24812
30844
5553
-25378
-30536
-4684
25925
30206
3812
-26454
-29854
-2937
26963
29481
2060
-27453
-29086
-1181
27924
28671
302
-28374
-28234
578
28803
27778
-1457
-29212
-27301
2335
29600
26805
-3212
-29967
-26290
4086
30312
25755
-4957
-30635
-25202
5825
30936
24631
-6688
-31215
-24042
7547
31471
23436
-8400
-31705
-22812
9247
31916
22173
-10088
-32104
-21517
10921
32268
20846
-11746
-32410
-20160
12563
32528
19459
-13371
-32622
-18745
14169
32693
18016
-14957
-32741
-17275
15734
32765
16522
-16500
-32765
-15756
17254
32742
14979
-17995
-32695
-14192
18724
32625
13394
-19439
-32531
-12586
20140
32413
11770
-20827
-32273
-10945
21498
32109
10112
-22154
-31921
-9271
22794
31711
8424
-23418
-31478
-7571
24025
31223
6713
-24614
-30945
-5850
25186
30644
4982
-25739
-30322
-4111
26275
29977
3237
-26791
-29611
-2360
27287
29224
1482
-27765
-28815
-603
28222
28386
-276
-28658
-27937
1156
29075
27467
-2034
-29470
-26977
2912
29844
26468
-3787
-30196
-25940
4659
30527
25394
-5528
-30836
-24829
6393
31122
24246
-7253
-31386
-23645
8108
31627
23028
-8957
-31846
-22394
9800
32042
21744
-10636
-32214
-21078
11464
32364
20397
-12284
-32490
-19701
13095
32592
18991
-13896
-32672
-18268
14688
32727
17531
-15469
-32759
-16781
16239
32767
16020
-16997
-32753
-15247
17743
32714
14463
-18476
-32651
-13668
19195
32566
12864
-19901
-32456
-12051
20593
32323
11228
-21270
-32167
-10398
21931
31988
9560
-22577
-31786
-8715
23206
31561
7864
-23819
-31313
-7008
24414
31042
6146
-24992
-30750
-5280
25552
30435
4410
-26093
-30098
-3537
26616
29739
2661
-27119
-29359
-1784
27603
28958
905
-28067
-28536
-25
28511
28093
-854
-28934
-27630
1733
29337
27147
-2611
-29718
-26645
3487
30078
26124
-4360
-30416
-25583
5230
30732
25024
-6097
-31026
-24448
6959
31298
23853
-7816
-31547
-23241
8667
31774
22613
-9512
-31977
-21968
10350
32158
21308
-11181
-32315
-20632
12004
32449
19941
-12818
-32560
-19236
13623
32647
18517
-14418
-32711
-17785
15202
32751
17040
-15976
-32768
-16282
16738
32760
15513
-17488
-32730
-14733
18226
32675
13942
-18950
-32598
-13141
19661
32496
12330
-20357
-32372
-11511
21039
32224
10684
-21706
-32052
-9848
22357
31858
9006
-22992
-31641
-8157
23610
31400
7302
-24212
-31138
-6442
24796
30853
5577
-25362
-30545
-4709
25910
30216
3836
-26439
-29864
-2962
26949
29492
2085
-27440
-29098
-1206
27910
28683
327
-28361
-28247
553
28791
27791
-1432
-29201
-27315
2310
29590
26820
-3187
-29957
-26305
4061
30302
25771
-4932
-30626
-25218
5800
30928
24647
-6664
-31207
-24059
7522
31464
23453
-8376
-31699
-22830
9223
31910
22191
-10064
-32099
-21536
10897
32264
20865
-11723
-32406
-20180
12540
32525
19479
-13348
-32620
-18765
14146
32692
18037
-14935
-32740
-17297
15712
32765
16543
-16478
-32766
-15778
17233
32743
15002
-17974
-32697
-14214
18703
32627
13417
-19419
-32534
-12609
20120
32417
11793
-20807
-32277
-10968
21479
32114
10135
-22136
-31927
-9295
22776
31718
8449
-23400
-31485
-7596
24008
31230
6737
-24598
-30953
-5874
25170
30653
5007
-25724
-30331
-4136
26259
29987
3262
-26776
-29622
-2385
27273
29235
1507
-27751
-28827
-628
28209
28399
-251
-28646
-27950
1131
29063
27481
-2009
-29459
-26992
2887
29833
26483
-3762
-30186
-25956
4634
30518
25410
-5503
-30827
-24845
6368
31114
24263
-7229
-31379
-23663
8084
31621
23046
-8933
-31840
-22412
9776
32037
21762
-10612
-32210
-21097
11441
32360
20416
-12261
-32487
-19721
13072
32590
19012
-13874
-32670
-18288
14665
32726
17552
-15447
-32759
-16803
16217
32767
16042
-16975
-32753
-15269
17721
32715
14485
-18455
-32654
-13691
19175
32568
12887
-19881
-32460
-12074
20573
32328
11252
-21251
-32172
-10422
21912
31994
9584
-22558
-31792
-8740
23188
31568
7889
-23801
-31320
-7032
24397
31050
6171
-24976
-30758
-5305
25536
30444
4435
-26078
-30108
-3562
26601
29750
2686
-27105
-29370
-1809
27590
28970
930
-28054
-28548
-50
28499
28106
-829
-28922
-27644
1708
29325
27162
-2586
-29707
-26660
3462
30068
26139
-4335
-30407
-25599
5205
30723
25041
-6072
-31018
-24464
6934
31291
23870
-7791
-31540
-23259
8643
31768
22631
-9488
-31972
-21987
10326
32153
21327
-11157
-32311
-20652
11980
32446
19961
-12795
-32557
-19256
13600
32645
18538
-14395
-32709
-17806
15180
32750
17061
-15954
-32767
-16304
16717
32761
15535
-17467
-32731
-14755
18205
32677
13965
-18930
-32600
-13164
19641
32500
12354
-20338
-32376
-11535
21020
32228
10707
-21687
-32058
-9872
22339
31864
9030
-22974
-31647
-8181
23593
31408
7327
-24195
-31146
-6467
24779
30861
5602
-25346
-30554
-4733
25894
30225
3861
-26424
-29875
-2987
26935
29503
2110
-27426
-29109
-1231
27897
28695
352
-28349
-28260
528
28779
27805
-1407
-29190
-27329
2285
29579
26834
-3162
-29947
-26320
4036
30293
25786
-4907
-30617
-25234
5775
30920
24664
-6639
-31200
-24076
7498
31457
23471
-8351
-31692
-22848
9199
31904
22210
-10040
-32093
-21555
10873
32259
20885
-11699
-32402
-20200
12517
32522
19500
-13325
-32618
-18786
14124
32690
18058
-14912
-32739
-17318
15690
32764
16565
-16456
-32766
-15800
17211
32744
15024
-17953
-32698
-14237
18683
32629
13440
-19399
-32537
-12633
20100
32421
11816
-20788
-32281
-10992
21460
32119
10159
-22117
-31933
-9319
22758
31724
8473
-23383
-31492
-7620
23991
31238
6762
-24581
-30961
-5899
25154
30662
5032
-25708
-30341
-4161
26244
29997
3287
-26762
-29633
-2411
27260
29247
1533
-27738
-28839
-653
28196
28411
-226
-28634
-27963
1106
29051
27494
-1984
-29448
-27006
2861
29823
26498
-3737
-30177
-25971
4609
30509
25425
-5478
-30819
-24861
6343
31106
24279
-7204
-31372
-23680
8059
31614
23064
-8909
-31834
-22431
9752
32031
21781
-10588
-32205
-21116
11417
32356
20436
-12237
-32483
-19741
13049
32587
19032
-13851
-32668
-18309
14643
32725
17573
-15425
-32758
-16825
16195
32767
16064
-16954
-32754
-15291
17700
32717
14508
-18434
-32656
-13714
19155
32571
12910
-19861
-32463
-12097
20554
32332
11276
-21231
-32177
-10446
21894
31999
9608
-22540
-31798
-8764
23170
31574
7913
-23784
-31328
-7057
24380
31059
6195
-24959
-30767
-5329
25520
30453
4460
-26063
-30118
-3587
26586
29760
2711
-27091
-29381
-1834
27576
28981
955
-28041
-28560
-75
28486
28119
-804
-28911
-27657
1683
29314
27176
-2561
-29697
-26674
3437
30058
26154
-4310
-30397
-25615
5181
30715
25057
-6047
-31010
-24481
6910
31283
23888
-7767
-31534
-23277
8618
31761
22649
-9464
-31966
-22006
10303
32148
21346
-11134
-32307
-20671
11957
32442
19981
-12772
-32554
-19277
13577
32643
18559
-14373
-32708
-17827
15158
32749
17083
-15932
-32767
-16326
16695
32761
15557
-17446
-32732
-14778
18184
32679
13987
-18909
-32603
-13187
19621
32503
12377
-20318
-32379
-11558
21001
32233
10731
-21668
-32063
-9896
22320
31870
9054
-22956
-31654
-8206
23576
31415
7351
-24178
-31153
-6491
24763
30869
5627
-25330
-30563
-4758
25879
30235
3886
-26409
-29885
-3012
26920
29514
2135
-27412
-29121
-1256
27884
28707
377
-28336
-28273
503
28767
27818
-1382
-29178
-27343
2260
29568
26848
-3137
-29936
-26334
4011
30283
25802
-4883
-30608
-25250
5751
30911
24680
-6614
-31192
-24093
7473
31450
23488
-8327
-31686
-22866
9175
31899
22228
-10016
-32088
-21574
10850
32255
20904
-11676
-32398
-20219
12493
32518
19520
-13302
-32615
-18806
14101
32688
18079
-14890
-32738
-17339
15668
32764
16587
-16435
-32766
-15822
17190
32745
15046
-17932
-32700
-14260
18662
32632
13463
-19378
-32540
-12656
20081
32424
11840
-20768
-32286
-11016
21441
32124
10183
-22099
-31938
-9344
22740
31730
8497
-23365
-31499
-7645
23973
31246
6787
-24564
-30969
-5924
25138
30671
5057
-25693
-30350
-4186
26229
30008
3312
-26747
-29643
-2436
27246
29258
1558
-27724
-28851
-679
28183
28424
-201
-28622
-27976
1081
29040
27508
-1959
-29437
-27020
2836
29813
26513
-3712
-30167
-25986
4584
30499
25441
-5453
-30810
-24878
6319
31098
24296
-7180
-31364
-23697
8035
31608
23081
-8885
-31828
-22449
9728
32026
21800
-10565
-32201
-21136
11393
32352
20456
-12214
-32480
-19761
13026
32585
19053
-13828
-32666
-18330
14621
32723
17594
-15402
-32758
-16846
16173
32767
16086
-16932
-32755
-15314
17679
32718
14530
-18413
-32658
-13737
19134
32574
12933
-19841
-32467
-12121
20534
32336
11299
-21212
-32182
-10469
21875
32005
9632
-22522
-31804
-8788
23153
31581
7938
-23767
-31335
-7081
24364
31067
6220
-24943
-30776
-5354
25504
30462
4485
-26048
-30127
-3612
26572
29771
2736
-27077
-29392
-1859
27562
28993
980
-28028
-28573
-101
28474
28132
-779
-28899
-27671
1658
29303
27190
-2536
-29686
-26689
3412
30048
26169
-4285
-30388
-25630
5156
30706
25073
-6023
-31002
-24498
6885
31276
23905
-7742
-31527
-23295
8594
31755
22668
-9440
-31961
-22024
10279
32143
21365
-11110
-32303
-20691
11934
32439
20001
-12748
-32551
-19297
13554
32641
18579
-14350
-32706
-17848
15136
32748
17104
-15910
-32767
-16348
16673
32762
15580
-17425
-32733
-14800
18163
32681
14010
-18889
-32605
-13210
19601
32506
12400
-20298
-32383
-11582
20981
32237
10755
-21649
-32068
-9920
22302
31875
9078
-22938
-31660
-8230
23558
31422
7376
-24161
-31161
-6516
24746
30878
5652
-25314
-30572
-4783
25863
30245
3911
-26394
-29895
-3037
26906
29525
2160
-27398
-29132
-1281
27871
28719
402
-28323
-28285
478
28755
27831
-1357
-29167
-27357
2235
29557
26863
-3112
-29926
-26349
3986
30274
25817
-4858
-30599
-25266
5726
30903
24697
-6590
-31184
-24110
7449
31443
23506
-8303
-31679
-22884
9151
31893
22247
-9992
-32083
-21593
10826
32251
20923
-11652
-32395
-20239
12470
32515
19540
-13279
-32613
-18827
14078
32686
18100
-14867
-32737
-17361
15646
32763
16608
-16413
-32766
-15844
17168
32746
15069
-17911
-32702
-14282
18641
32634
13485
-19358
-32543
-12679
20061
32428
11863
-20749
-32290
-11039
21422
32129
10207
-22080
-31944
-9368
22722
31737
8521
-23348
-31506
-7669
23956
31253
6811
-24548
-30977
-5948
25121
30680
5081
-25677
-30360
-4211
26214
30018
3337
-26733
-29654
-2461
27232
29269
1583
-27711
-28863
-704
28170
28436
-176
-28610
-27989
1055
29028
27522
-1934
-29426
-27034
2811
29802
26528
-3687
-30157
-26002
4559
30490
25457
-5429
-30801
-24894
6294
31090
24313
-7155
-31357
-23715
8011
31601
23099
-8861
-31822
-22467
9704
32021
21819
-10541
-32196
-21155
11370
32348
20475
-12191
-32477
-19781
13003
32582
19073
-13805
-32664
-18351
14598
32722
17616
-15380
-32757
-16868
16151
32767
16108
-16911
-32756
-15336
17658
32719
14553
-18393
-32660
-13760
19114
32577
12957
-19821
-32470
-12144
20515
32340
11323
-21193
-32186
-10493
21856
32010
9656
-22504
-31810
-8812
23135
31588
7962
-23749
-31342
-7106
24347
31074
6245
-24927
-30784
-5379
25489
30472
4510
-26032
-30137
-3637
26557
29781
2761
-27063
-29404
-1884
27549
29005
1005
-28015
-28585
-126
28461
28145
-754
-28887
-27684
1633
29292
27204
-2511
-29675
-26704
3387
30038
26184
-4260
-30378
-25646
5131
30697
25089
-5998
-30994
-24514
6860
31268
23922
-7718
-31520
-23312
8570
31749
22686
-9416
-31955
-22043
10255
32138
21384
-11087
-32298
-20710
11910
32435
20021
-12725
-32548
-19317
13531
32638
18600
-14327
-32705
-17869
15113
32748
17126
-15888
-32767
-16369
16652
32762
15602
-17403
-32734
-14823
18142
32683
14033
-18868
-32608
-13233
19580
32509
12424
-20279
-32387
-11605
20962
32242
10779
-21631
-32073
-9944
22284
31881
9102
-22920
-31667
-8254
23541
31429
7400
-24144
-31169
-6541
24730
30886
5676
-25298
-30581
-4808
25848
30254
3936
-26379
-29906
-3062
26892
29535
2185
-27384
-29144
-1307
27858
28731
427
-28311
-28298
452
28743
27844
-1332
-29155
-27371
2210
29546
26877
-3087
-29916
-26364
3961
30264
25833
-4833
-30590
-25282
5701
30895
24713
-6565
-31177
-24127
7425
31436
23523
-8279
-31673
-22902
9127
31887
22265
-9968
-32078
-21612
10802
32246
20943
-11629
-32391
-20259
12447
32512
19560
-13256
-32610
-18848
14056
32685
18121
-14845
-32736
-17382
15624
32763
16630
-16391
-32767
-15866
17147
32747
15091
-17890
-32703
-14305
18621
32636
13508
-19338
-32546
-12702
20041
32432
11887
-20729
-32294
-11063
21403
32133
10231
-22061
-31950
-9392
22704
31743
8546
-23330
-31513
-7694
23939
31261
6836
-24531
-30986
-5973
25105
30688
5106
-25662
-30369
-4236
26199
30028
3362
-26718
-29665
-2486
27218
29280
1608
-27698
-28875
-729
28158
28449
-151
-28597
-28002
1030
29016
27535
-1909
-29415
-27049
2786
29792
26542
-3662
-30147
-26017
4534
30481
25473
-5404
-30793
-24910
6269
31082
24330
-7130
-31350
-23732
7986
31594
23117
-8836
-31816
-22485
9680
32015
21838
-10517
-32191
-21174
11346
32344
20495
-12167
-32473
-19801
12980
32579
19093
-13783
-32662
-18372
14576
32721
17637
-15358
-32756
-16889
16129
32767
16129
-16889
-32756
-15358
17637
32721
14576
-18372
-32662
-13783
19093
32579
12980
-19801
-32473
-12167
20495
32344
11346
-21174
-32191
-10517
21838
32015
9680
-22485
-31816
-8836
23117
31594
7986
-23732
-31350
-7130
24330
31082
6269
-24910
-30793
-5404
25473
30481
4534
-26017
-30147
-3662
26542
29792
2786
-27049
-29415
-1909
27535
29016
1030
-28002
-28597
-151
28449
28158
-729
-28875
-27698
1608
29280
27218
-2486
-29665
-26718
3362
30028
26199
-4236
-30369
-25662
5106
30688
25105
-5973
-30986
-24531
6836
31261
23939
-7694
-31513
-23330
8546
31743
22704
-9392
-31950
-22061
10231
32133
21403
-11063
-32294
-20729
11887
32432
20041
-12702
-32546
-19338
13508
32636
18621
-14305
-32703
-17890
15091
32747
17147
-15866
-32767
-16391
16630
32763
15624
-17382
-32736
-14845
18121
32685
14056
-18848
-32610
-13256
19560
32512
12447
-20259
-32391
-11629
20943
32246
10802
-21612
-32078
-9968
22265
31887
9127
-22902
-31673
-8279
23523
31436
7425
-24127
-31177
-6565
24713
30895
5701
-25282
-30590
-4833
25833
30264
3961
-26364
-29916
-3087
26877
29546
2210
-27371
-29155
-1332
27844
28743
452
-28298
-28311
427
28731
27858
-1307
-29144
-27384
2185
29535
26892
-3062
-29906
-26379
3936
30254
25848
-4808
-30581
-25298
5676
30886
24730
-6541
-31169
-24144
7400
31429
23541
-8254
-31667
-22920
9102
31881
22284
-9944
-32073
-21631
10779
32242
20962
-11605
-32387
-20279
12424
32509
19580
-13233
-32608
-18868
14033
32683
18142
-14823
-32734
-17403
15602
32762
16652
-16369
-32767
-15888
17126
32748
15113
-17869
-32705
-14327
18600
32638
13531
-19317
-32548
-12725
20021
32435
11910
-20710
-32298
-11087
21384
32138
10255
-22043
-31955
-9416
22686
31749
8570
-23312
-31520
-7718
23922
31268
6860
-24514
-30994
-5998
25089
30697
5131
-25646
-30378
-4260
26184
30038
3387
-26704
-29675
-2511
27204
29292
1633
-27684
-28887
-754
28145
28461
-126
-28585
-28015
1005
29005
27549
-1884
-29404
-27063
2761
29781
26557
-3637
-30137
-26032
4510
30472
25489
-5379
-30784
-24927
6245
31074
24347
-7106
-31342
-23749
7962
31588
23135
-8812
-31810
-22504
9656
32010
21856
-10493
-32186
-21193
11323
32340
20515
-12144
-32470
-19821
12957
32577
19114
-13760
-32660
-18393
14553
32719
17658
-15336
-32756
-16911
16108
32767
16151
-16868
-32757
-15380
17616
32722
14598
-18351
-32664
-13805
19073
32582
13003
-19781
-32477
-12191
20475
32348
11370
-21155
-32196
-10541
21819
32021
9704
-22467
-31822
-8861
23099
31601
8011
-23715
-31357
-7155
24313
31090
6294
-24894
-30801
-5429
25457
30490
4559
-26002
-30157
-3687
26528
29802
2811
-27034
-29426
-1934
27522
29028
1055
-27989
-28610
-176
28436
28170
-704
-28863
-27711
1583
29269
27232
-2461
-29654
-26733
3337
30018
26214
-4211
-30360
-25677
5081
30680
25121
-5948
-30977
-24548
6811
31253
23956
-7669
-31506
-23348
8521
31737
22722
-9368
-31944
-22080
10207
32129
21422
-11039
-32290
-20749
11863
32428
20061
-12679
-32543
-19358
13485
32634
18641
-14282
-32702
-17911
15069
32746
17168
-15844
-32766
-16413
16608
32763
15646
-17361
-32737
-14867
18100
32686
14078
-18827
-32613
-13279
19540
32515
12470
-20239
-32395
-11652
20923
32251
10826
-21593
-32083
-9992
22247
31893
9151
-22884
-31679
-8303
23506
31443
7449
-24110
-31184
-6590
24697
30903
5726
-25266
-30599
-4858
25817
30274
3986
-26349
-29926
-3112
26863
29557
2235
-27357
-29167
-1357
27831
28755
478
-28285
-28323
402
28719
27871
-1281
-29132
-27398
2160
29525
26906
-3037
-29895
-26394
3911
30245
25863
-4783
-30572
-25314
5652
30878
24746
-6516
-31161
-24161
7376
31422
23558
-8230
-31660
-22938
9078
31875
22302
-9920
-32068
-21649
10755
32237
20981
-11582
-32383
-20298
12400
32506
19601
-13210
-32605
-18889
14010
32681
18163
-14800
-32733
-17425
15580
32762
16673
-16348
-32767
-15910
17104
32748
15136
-17848
-32706
-14350
18579
32641
13554
-19297
-32551
-12748
20001
32439
11934
-20691
-32303
-11110
21365
32143
10279
-22024
-31961
-9440
22668
31755
8594
-23295
-31527
-7742
23905
31276
6885
-24498
-31002
-6023
25073
30706
5156
-25630
-30388
-4285
26169
30048
3412
-26689
-29686
-2536
27190
29303
1658
-27671
-28899
-779
28132
28474
-101
-28573
-28028
980
28993
27562
-1859
-29392
-27077
2736
29771
26572
-3612
-30127
-26048
4485
30462
25504
-5354
-30776
-24943
6220
31067
24364
-7081
-31335
-23767
7938
31581
23153
-8788
-31804
-22522
9632
32005
21875
-10469
-32182
-21212
11299
32336
20534
-12121
-32467
-19841
12933
32574
19134
-13737
-32658
-18413
14530
32718
17679
-15314
-32755
-16932
16086
32767
16173
-16846
-32758
-15402
17594
32723
14621
-18330
-32666
-13828
19053
32585
13026
-19761
-32480
-12214
20456
32352
11393
-21136
-32201
-10565
21800
32026
9728
-22449
-31828
-8885
23081
31608
8035
-23697
-31364
-7180
24296
31098
6319
-24878
-30810
-5453
25441
30499
4584
-25986
-30167
-3712
26513
29813
2836
-27020
-29437
-1959
27508
29040
1081
-27976
-28622
-201
28424
28183
-679
-28851
-27724
1558
29258
27246
-2436
-29643
-26747
3312
30008
26229
-4186
-30350
-25693
5057
30671
25138
-5924
-30969
-24564
6787
31246
23973
-7645
-31499
-23365
8497
31730
22740
-9344
-31938
-22099
10183
32124
21441
-11016
-32286
-20768
11840
32424
20081
-12656
-32540
-19378
13463
32632
18662
-14260
-32700
-17932
15046
32745
17190
-15822
-32766
-16435
16587
32764
15668
-17339
-32738
-14890
18079
32688
14101
-18806
-32615
-13302
19520
32518
12493
-20219
-32398
-11676
20904
32255
10850
-21574
-32088
-10016
22228
31899
9175
-22866
-31686
-8327
23488
31450
7473
-24093
-31192
-6614
24680
30911
5751
-25250
-30608
-4883
25802
30283
4011
-26334
-29936
-3137
26848
29568
2260
-27343
-29178
-1382
27818
28767
503
-28273
-28336
377
28707
27884
-1256
-29121
-27412
2135
29514
26920
-3012
-29885
-26409
3886
30235
25879
-4758
-30563
-25330
5627
30869
24763
-6491
-31153
-24178
7351
31415
23576
-8206
-31654
-22956
9054
31870
22320
-9896
-32063
-21668
10731
32233
21001
-11558
-32379
-20318
12377
32503
19621
-13187
-32603
-18909
13987
32679
18184
-14778
-32732
-17446
15557
32761
16695
-16326
-32767
-15932
17083
32749
15158
-17827
-32708
-14373
18559
32643
13577
-19277
-32554
-12772
19981
32442
11957
-20671
-32307
-11134
21346
32148
10303
-22006
-31966
-9464
22649
31761
8618
-23277
-31534
-7767
23888
31283
6910
-24481
-31010
-6047
25057
30715
5181
-25615
-30397
-4310
26154
30058
3437
-26674
-29697
-2561
27176
29314
1683
-27657
-28911
-804
28119
28486
-75
-28560
-28041
955
28981
27576
-1834
-29381
-27091
2711
29760
26586
-3587
-30118
-26063
4460
30453
25520
-5329
-30767
-24959
6195
31059
24380
-7057
-31328
-23784
7913
31574
23170
-8764
-31798
-22540
9608
31999
21894
-10446
-32177
-21231
11276
32332
20554
-12097
-32463
-19861
12910
32571
19155
-13714
-32656
-18434
14508
32717
17700
-15291
-32754
-16954
16064
32767
16195
-16825
-32758
-15425
17573
32725
14643
-18309
-32668
-13851
19032
32587
13049
-19741
-32483
-12237
20436
32356
11417
-21116
-32205
-10588
21781
32031
9752
-22431
-31834
-8909
23064
31614
8059
-23680
-31372
-7204
24279
31106
6343
-24861
-30819
-5478
25425
30509
4609
-25971
-30177
-3737
26498
29823
2861
-27006
-29448
-1984
27494
29051
1106
-27963
-28634
-226
28411
28196
-653
-28839
-27738
1533
29247
27260
-2411
-29633
-26762
3287
29997
26244
-4161
-30341
-25708
5032
30662
25154
-5899
-30961
-24581
6762
31238
23991
-7620
-31492
-23383
8473
31724
22758
-9319
-31933
-22117
10159
32119
21460
-10992
-32281
-20788
11816
32421
20100
-12633
-32537
-19399
13440
32629
18683
-14237
-32698
-17953
15024
32744
17211
-15800
-32766
-16456
16565
32764
15690
-17318
-32739
-14912
18058
32690
14124
-18786
-32618
-13325
19500
32522
12517
-20200
-32402
-11699
20885
32259
10873
-21555
-32093
-10040
22210
31904
9199
-22848
-31692
-8351
23471
31457
7498
-24076
-31200
-6639
24664
30920
5775
-25234
-30617
-4907
25786
30293
4036
-26320
-29947
-3162
26834
29579
2285
-27329
-29190
-1407
27805
28779
528
-28260
-28349
352
28695
27897
-1231
-29109
-27426
2110
29503
26935
-2987
-29875
-26424
3861
30225
25894
-4733
-30554
-25346
5602
30861
24779
-6467
-31146
-24195
7327
31408
23593
-8181
-31647
-22974
9030
31864
22339
-9872
-32058
-21687
10707
32228
21020
-11535
-32376
-20338
12354
32500
19641
-13164
-32600
-18930
13965
32677
18205
-14755
-32731
-17467
15535
32761
16717
-16304
-32767
-15954
17061
32750
15180
-17806
-32709
-14395
18538
32645
13600
-19256
-32557
-12795
19961
32446
11980
-20652
-32311
-11157
21327
32153
10326
-21987
-31972
-9488
22631
31768
8643
-23259
-31540
-7791
23870
31291
6934
-24464
-31018
-6072
25041
30723
5205
-25599
-30407
-4335
26139
30068
3462
-26660
-29707
-2586
27162
29325
1708
-27644
-28922
-829
28106
28499
-50
-28548
-28054
930
28970
27590
-1809
-29370
-27105
2686
29750
26601
-3562
-30108
-26078
4435
30444
25536
-5305
-30758
-24976
6171
31050
24397
-7032
-31320
-23801
7889
31568
23188
-8740
-31792
-22558
9584
31994
21912
-10422
-32172
-21251
11252
32328
20573
-12074
-32460
-19881
12887
32568
19175
-13691
-32654
-18455
14485
32715
17721
-15269
-32753
-16975
16042
32767
16217
-16803
-32759
-15447
17552
32726
14665
-18288
-32670
-13874
19012
32590
13072
-19721
-32487
-12261
20416
32360
11441
-21097
-32210
-10612
21762
32037
9776
-22412
-31840
-8933
23046
31621
8084
-23663
-31379
-7229
24263
31114
6368
-24845
-30827
-5503
25410
30518
4634
-25956
-30186
-3762
26483
29833
2887
-26992
-29459
-2009
27481
29063
1131
-27950
-28646
-251
28399
28209
-628
-28827
-27751
1507
29235
27273
-2385
-29622
-26776
3262
29987
26259
-4136
-30331
-25724
5007
30653
25170
-5874
-30953
-24598
6737
31230
24008
-7596
-31485
-23400
8449
31718
22776
-9295
-31927
-22136
10135
32114
21479
-10968
-32277
-20807
11793
32417
20120
-12609
-32534
-19419
13417
32627
18703
-14214
-32697
-17974
15002
32743
17233
-15778
-32766
-16478
16543
32765
15712
-17297
-32740
-14935
18037
32692
14146
-18765
-32620
-13348
19479
32525
12540
-20180
-32406
-11723
20865
32264
10897
-21536
-32099
-10064
22191
31910
9223
-22830
-31699
-8376
23453
31464
7522
-24059
-31207
-6664
24647
30928
5800
-25218
-30626
-4932
25771
30302
4061
-26305
-29957
-3187
26820
29590
2310
-27315
-29201
-1432
27791
28791
553
-28247
-28361
327
28683
27910
-1206
-29098
-27440
2085
29492
26949
-2962
-29864
-26439
3836
30216
25910
-4709
-30545
-25362
5577
30853
24796
-6442
-31138
-24212
7302
31400
23610
-8157
-31641
-22992
9006
31858
22357
-9848
-32052
-21706
10684
32224
21039
-11511
-32372
-20357
12330
32496
19661
-13141
-32598
-18950
13942
32675
18226
-14733
-32730
-17488
15513
32760
16738
-16282
-32768
-15976
17040
32751
15202
-17785
-32711
-14418
18517
32647
13623
-19236
-32560
-12818
19941
32449
12004
-20632
-32315
-11181
21308
32158
10350
-21968
-31977
-9512
22613
31774
8667
-23241
-31547
-7816
23853
31298
6959
-24448
-31026
-6097
25024
30732
5230
-25583
-30416
-4360
26124
30078
3487
-26645
-29718
-2611
27147
29337
1733
-27630
-28934
-854
28093
28511
-25
-28536
-28067
905
28958
27603
-1784
-29359
-27119
2661
29739
26616
-3537
-30098
-26093
4410
30435
25552
-5280
-30750
-24992
6146
31042
24414
-7008
-31313
-23819
7864
31561
23206
-8715
-31786
-22577
9560
31988
21931
-10398
-32167
-21270
11228
32323
20593
-12051
-32456
-19901
12864
32566
19195
-13668
-32651
-18476
14463
32714
17743
-15247
-32753
-16997
16020
32767
16239
-16781
-32759
-15469
17531
32727
14688
-18268
-32672
-13896
18991
32592
13095
-19701
-32490
-12284
20397
32364
11464
-21078
-32214
-10636
21744
32042
9800
-22394
-31846
-8957
23028
31627
8108
-23645
-31386
-7253
24246
31122
6393
-24829
-30836
-5528
25394
30527
4659
-25940
-30196
-3787
26468
29844
2912
-26977
-29470
-2034
27467
29075
1156
-27937
-28658
-276
28386
28222
-603
-28815
-27765
1482
29224
27287
-2360
-29611
-26791
3237
29977
26275
-4111
-30322
-25739
4982
30644
25186
-5850
-30945
-24614
6713
31223
24025
-7571
-31478
-23418
8424
31711
22794
-9271
-31921
-22154
10112
32109
21498
-10945
-32273
-20827
11770
32413
20140
-12586
-32531
-19439
13394
32625
18724
-14192
-32695
-17995
14979
32742
17254
-15756
-32765
-16500
16522
32765
15734
-17275
-32741
-14957
18016
32693
14169
-18745
-32622
-13371
19459
32528
12563
-20160
-32410
-11746
20846
32268
10921
-21517
-32104
-10088
22173
31916
9247
-22812
-31705
-8400
23436
31471
7547
-24042
-31215
-6688
24631
30936
5825
-25202
-30635
-4957
25755
30312
4086
-26290
-29967
-3212
26805
29600
2335
-27301
-29212
-1457
27778
28803
578
-28234
-28374
302
28671
27924
-1181
-29086
-27453
2060
29481
26963
-2937
-29854
-26454
3812
30206
25925
-4684
-30536
-25378
5553
30844
24812
-6417
-31130
-24229
7278
31393
23628
-8133
-31634
-23010
8982
31852
22375
-9824
-32047
-21725
10660
32219
21059
-11488
-32368
-20377
12307
32493
19681
-13118
-32595
-18971
13919
32674
18247
-14710
-32729
-17510
15491
32760
16760
-16261
-32768
-15998
17018
32752
15225
-17764
-32712
-14440
18496
32649
13646
-19216
-32563
-12841
19921
32453
12027
-20612
-32319
-11205
21289
32163
10374
-21950
-31983
-9536
22595
31780
8691
-23224
-31554
-7840
23836
31305
6983
-24431
-31034
-6121
25008
30741
5255
-25567
-30425
-4385
26108
30088
3512
-26630
-29729
-2636
27133
29348
1758
-27617
-28946
-880
28080
28523
0
-28523
-28080
880
28946
27617
-1758
-29348
-27133
2636
29729
26630
-3512
-30088
-26108
4385
30425
25567
-5255
-30741
-25008
6121
31034
24431
-6983
-31305
-23836
7840
31554
23224
-8691
-31780
-22595
9536
31983
21950
-10374
-32163
-21289
11205
32319
20612
-12027
-32453
-19921
12841
32563
19216
-13646
-32649
-18496
14440
32712
17764
-15225
-32752
-17018
15998
32767
16261
-16760
-32760
-15491
17510
32729
14710
-18247
-32674
-13919
18971
32595
13118
-19681
-32493
-12307
20377
32368
11488
-21059
-32219
-10660
21725
32047
9824
-22375
-31852
-8982
23010
31634
8133
-23628
-31393
-7278
24229
31130
6417
-24812
-30844
-5553
25378
30536
4684
-25925
-30206
-3812
26454
29854
2937
-26963
-29481
-2060
27453
29086
1181
-27924
-28671
-302
28374
28234
-578
-28803
-27778
1457
29212
27301
-2335
-29600
-26805
3212
29967
26290
-4086
-30312
-25755
4957
30635
25202
-5825
-30936
-24631
6688
31215
24042
-7547
-31471
-23436
8400
31705
22812
-9247
-31916
-22173
10088
32104
21517
-10921
-32268
-20846
11746
32410
20160
-12563
-32528
-19459
13371
32622
18745
-14169
-32693
-18016
14957
32741
17275
-15734
-32765
-16522
16500
32765
15756
-17254
-32742
-14979
17995
32695
14192
-18724
-32625
-13394
19439
32531
12586
-20140
-32413
-11770
20827
32273
10945
-21498
-32109
-10112
22154
31921
9271
-22794
-31711
-8424
23418
31478
7571
-24025
-31223
-6713
24614
30945
5850
-25186
-30644
-4982
25739
30322
4111
-26275
-29977
-3237
26791
29611
2360
-27287
-29224
-1482
27765
28815
603
-28222
-28386
276
28658
27937
-1156
-29075
-27467
2034
29470
26977
-2912
-29844
-26468
3787
30196
25940
-4659
-30527
-25394
5528
30836
24829
-6393
-31122
-24246
7253
31386
23645
-8108
-31627
-23028
8957
31846
22394
-9800
-32042
-21744
10636
32214
21078
-11464
-32364
-20397
12284
32490
19701
-13095
-32592
-18991
13896
32672
18268
-14688
-32727
-17531
15469
32759
16781
-16239
-32768
-16020
16997
32753
15247
-17743
-32714
-14463
18476
32651
13668
-19195
-32566
-12864
19901
32456
12051
-20593
-32323
-11228
21270
32167
10398
-21931
-31988
-9560
22577
31786
8715
-23206
-31561
-7864
23819
31313
7008
-24414
-31042
-6146
24992
30750
5280
-25552
-30435
-4410
26093
30098
3537
-26616
-29739
-2661
27119
29359
1784
-27603
-28958
-905
28067
28536
25
-28511
-28093
854
28934
27630
-1733
-29337
-27147
2611
29718
26645
-3487
-30078
-26124
4360
30416
25583
-5230
-30732
-25024
6097
31026
24448
-6959
-31298
-23853
7816
31547
23241
-8667
-31774
-22613
9512
31977
21968
-10350
-32158
-21308
11181
32315
20632
-12004
-32449
-19941
12818
32560
19236
-13623
-32647
-18517
14418
32711
17785
-15202
-32751
-17040
15976
32767
16282
-16738
-32760
-15513
17488
32730
14733
-18226
-32675
-13942
18950
32598
13141
-19661
-32496
-12330
20357
32372
11511
-21039
-32224
-10684
21706
32052
9848
-22357
-31858
-9006
22992
31641
8157
-23610
-31400
-7302
24212
31138
6442
-24796
-30853
-5577
25362
30545
4709
-25910
-30216
-3836
26439
29864
2962
-26949
-29492
-2085
27440
29098
1206
-27910
-28683
-327
28361
28247
-553
-28791
-27791
1432
29201
27315
-2310
-29590
-26820
3187
29957
26305
-4061
-30302
-25771
4932
30626
25218
-5800
-30928
-24647
6664
31207
24059
-7522
-31464
-23453
8376
31699
22830
-9223
-31910
-22191
10064
32099
21536
-10897
-32264
-20865
11723
32406
20180
-12540
-32525
-19479
13348
32620
18765
-14146
-32692
-18037
14935
32740
17297
-15712
-32765
-16543
16478
32766
15778
-17233
-32743
-15002
17974
32697
14214
-18703
-32627
-13417
19419
32534
12609
-20120
-32417
-11793
20807
32277
10968
-21479
-32114
-10135
22136
31927
9295
-22776
-31718
-8449
23400
31485
7596
-24008
-31230
-6737
24598
30953
5874
-25170
-30653
-5007
25724
30331
4136
-26259
-29987
-3262
26776
29622
2385
-27273
-29235
-1507
27751
28827
628
-28209
-28399
251
28646
27950
-1131
-29063
-27481
2009
29459
26992
-2887
-29833
-26483
3762
30186
25956
-4634
-30518
-25410
5503
30827
24845
-6368
-31114
-24263
7229
31379
23663
-8084
-31621
-23046
8933
31840
22412
-9776
-32037
-21762
10612
32210
21097
-11441
-32360
-20416
12261
32487
19721
-13072
-32590
-19012
13874
32670
18288
-14665
-32726
-17552
15447
32759
16803
-16217
-32768
-16042
16975
32753
15269
-17721
-32715
-14485
18455
32654
13691
-19175
-32568
-12887
19881
32460
12074
-20573
-32328
-11252
21251
32172
10422
-21912
-31994
-9584
22558
31792
8740
-23188
-31568
-7889
23801
31320
7032
-24397
-31050
-6171
24976
30758
5305
-25536
-30444
-4435
26078
30108
3562
-26601
-29750
-2686
27105
29370
1809
-27590
-28970
-930
28054
28548
50
-28499
-28106
829
28922
27644
-1708
-29325
-27162
2586
29707
26660
-3462
-30068
-26139
4335
30407
25599
-5205
-30723
-25041
6072
31018
24464
-6934
-31291
-23870
7791
31540
23259
-8643
-31768
-22631
9488
31972
21987
-10326
-32153
-21327
11157
32311
20652
-11980
-32446
-19961
12795
32557
19256
-13600
-32645
-18538
14395
32709
17806
-15180
-32750
-17061
15954
32767
16304
-16717
-32761
-15535
17467
32731
14755
-18205
-32677
-13965
18930
32600
13164
-19641
-32500
-12354
20338
32376
11535
-21020
-32228
-10707
21687
32058
9872
-22339
-31864
-9030
22974
31647
8181
-23593
-31408
-7327
24195
31146
6467
-24779
-30861
-5602
25346
30554
4733
-25894
-30225
-3861
26424
29875
2987
-26935
-29503
-2110
27426
29109
1231
-27897
-28695
-352
28349
28260
-528
-28779
-27805
1407
29190
27329
-2285
-29579
-26834
3162
29947
26320
-4036
-30293
-25786
4907
30617
25234
-5775
-30920
-24664
6639
31200
24076
-7498
-31457
-23471
8351
31692
22848
-9199
-31904
-22210
10040
32093
21555
-10873
-32259
-20885
11699
32402
20200
-12517
-32522
-19500
13325
32618
18786
-14124
-32690
-18058
14912
32739
17318
-15690
-32764
-16565
16456
32766
15800
-17211
-32744
-15024
17953
32698
14237
-18683
-32629
-13440
19399
32537
12633
-20100
-32421
-11816
20788
32281
10992
-21460
-32119
-10159
22117
31933
9319
-22758
-31724
-8473
23383
31492
7620
-23991
-31238
-6762
24581
30961
5899
-25154
-30662
-5032
25708
30341
4161
-26244
-29997
-3287
26762
29633
2411
-27260
-29247
-1533
27738
28839
653
-28196
-28411
226
28634
27963
-1106
-29051
-27494
1984
29448
27006
-2861
-29823
-26498
3737
30177
25971
-4609
-30509
-25425
5478
30819
24861
-6343
-31106
-24279
7204
31372
23680
-8059
-31614
-23064
8909
31834
22431
-9752
-32031
-21781
10588
32205
21116
-11417
-32356
-20436
12237
32483
19741
-13049
-32587
-19032
13851
32668
18309
-14643
-32725
-17573
15425
32758
16825
-16195
-32768
-16064
16954
32754
15291
-17700
-32717
-14508
18434
32656
13714
-19155
-32571
-12910
19861
32463
12097
-20554
-32332
-11276
21231
32177
10446
-21894
-31999
-9608
22540
31798
8764
-23170
-31574
-7913
23784
31328
7057
-24380
-31059
-6195
24959
30767
5329
-25520
-30453
-4460
26063
30118
3587
-26586
-29760
-2711
27091
29381
1834
-27576
-28981
-955
28041
28560
75
-28486
-28119
804
28911
27657
-1683
-29314
-27176
2561
29697
26674
-3437
-30058
-26154
4310
30397
25615
-5181
-30715
-25057
6047
31010
24481
-6910
-31283
-23888
7767
31534
23277
-8618
-31761
-22649
9464
31966
22006
-10303
-32148
-21346
11134
32307
20671
-11957
-32442
-19981
12772
32554
19277
-13577
-32643
-18559
14373
32708
17827
-15158
-32749
-17083
15932
32767
16326
-16695
-32761
-15557
17446
32732
14778
-18184
-32679
-13987
18909
32603
13187
-19621
-32503
-12377
20318
32379
11558
-21001
-32233
-10731
21668
32063
9896
-22320
-31870
-9054
22956
31654
8206
-23576
-31415
-7351
24178
31153
6491
-24763
-30869
-5627
25330
30563
4758
-25879
-30235
-3886
26409
29885
3012
-26920
-29514
-2135
27412
29121
1256
-27884
-28707
-377
28336
28273
-503
-28767
-27818
1382
29178
27343
-2260
-29568
-26848
3137
29936
26334
-4011
-30283
-25802
4883
30608
25250
-5751
-30911
-24680
6614
31192
24093
-7473
-31450
-23488
8327
31686
22866
-9175
-31899
-22228
10016
32088
21574
-10850
-32255
-20904
11676
32398
20219
-12493
-32518
-19520
13302
32615
18806
-14101
-32688
-18079
14890
32738
17339
-15668
-32764
-16587
16435
32766
15822
-17190
-32745
-15046
17932
32700
14260
-18662
-32632
-13463
19378
32540
12656
-20081
-32424
-11840
20768
32286
11016
-21441
-32124
-10183
22099
31938
9344
-22740
-31730
-8497
23365
31499
7645
-23973
-31246
-6787
24564
30969
5924
-25138
-30671
-5057
25693
30350
4186
-26229
-30008
-3312
26747
29643
2436
-27246
-29258
-1558
27724
28851
679
-28183
-28424
201
28622
27976
-1081
-29040
-27508
1959
29437
27020
-2836
-29813
-26513
3712
30167
25986
-4584
-30499
-25441
5453
30810
24878
-6319
-31098
-24296
7180
31364
23697
-8035
-31608
-23081
8885
31828
22449
-9728
-32026
-21800
10565
32201
21136
-11393
-32352
-20456
12214
32480
19761
-13026
-32585
-19053
13828
32666
18330
-14621
-32723
-17594
15402
32758
16846
-16173
-32768
-16086
16932
32755
15314
-17679
-32718
-14530
18413
32658
13737
-19134
-32574
-12933
19841
32467
12121
-20534
-32336
-11299
21212
32182
10469
-21875
-32005
-9632
22522
31804
8788
-23153
-31581
-7938
23767
31335
7081
-24364
-31067
-6220
24943
30776
5354
-25504
-30462
-4485
26048
30127
3612
-26572
-29771
-2736
27077
29392
1859
-27562
-28993
-980
28028
28573
101
-28474
-28132
779
28899
27671
-1658
-29303
-27190
2536
29686
26689
-3412
-30048
-26169
4285
30388
25630
-5156
-30706
-25073
6023
31002
24498
-6885
-31276
-23905
7742
31527
23295
-8594
-31755
-22668
9440
31961
22024
-10279
-32143
-21365
11110
32303
20691
-11934
-32439
-20001
12748
32551
19297
-13554
-32641
-18579
14350
32706
17848
-15136
-32748
-17104
15910
32767
16348
-16673
-32762
-15580
17425
32733
14800
-18163
-32681
-14010
18889
32605
13210
-19601
-32506
-12400
20298
32383
11582
-20981
-32237
-10755
21649
32068
9920
-22302
-31875
-9078
22938
31660
8230
-23558
-31422
-7376
24161
31161
6516
-24746
-30878
-5652
25314
30572
4783
-25863
-30245
-3911
26394
29895
3037
-26906
-29525
-2160
27398
29132
1281
-27871
-28719
-402
28323
28285
-478
-28755
-27831
1357
29167
27357
-2235
-29557
-26863
3112
29926
26349
-3986
-30274
-25817
4858
30599
25266
-5726
-30903
-24697
6590
31184
24110
-7449
-31443
-23506
8303
31679
22884
-9151
-31893
-22247
9992
32083
21593
-10826
-32251
-20923
11652
32395
20239
-12470
-32515
-19540
13279
32613
18827
-14078
-32686
-18100
14867
32737
17361
-15646
-32763
-16608
16413
32766
15844
-17168
-32746
-15069
17911
32702
14282
-18641
-32634
-13485
19358
32543
12679
-20061
-32428
-11863
20749
32290
11039
-21422
-32129
-10207
22080
31944
9368
-22722
-31737
-8521
23348
31506
7669
-23956
-31253
-6811
24548
30977
5948
-25121
-30680
-5081
25677
30360
4211
-26214
-30018
-3337
26733
29654
2461
-27232
-29269
-1583
27711
28863
704
-28170
-28436
176
28610
27989
-1055
-29028
-27522
1934
29426
27034
-2811
-29802
-26528
3687
30157
26002
-4559
-30490
-25457
5429
30801
24894
-6294
-31090
-24313
7155
31357
23715
-8011
-31601
-23099
8861
31822
22467
-9704
-32021
-21819
10541
32196
21155
-11370
-32348
-20475
12191
32477
19781
-13003
-32582
-19073
13805
32664
18351
-14598
-32722
-17616
15380
32757
16868
-16151
-32768
-16108
16911
32756
15336
-17658
-32719
-14553
18393
32660
13760
-19114
-32577
-12957
19821
32470
12144
-20515
-32340
-11323
21193
32186
10493
-21856
-32010
-9656
22504
31810
8812
-23135
-31588
-7962
23749
31342
7106
-24347
-31074
-6245
24927
30784
5379
-25489
-30472
-4510
26032
30137
3637
-26557
-29781
-2761
27063
29404
1884
-27549
-29005
-1005
28015
28585
126
-28461
-28145
754
28887
27684
-1633
-29292
-27204
2511
29675
26704
-3387
-30038
-26184
4260
30378
25646
-5131
-30697
-25089
5998
30994
24514
-6860
-31268
-23922
7718
31520
23312
-8570
-31749
-22686
9416
31955
22043
-10255
-32138
-21384
11087
32298
20710
-11910
-32435
-20021
12725
32548
19317
-13531
-32638
-18600
14327
32705
17869
-15113
-32748
-17126
15888
32767
16369
-16652
-32762
-15602
17403
32734
14823
-18142
-32683
-14033
18868
32608
13233
-19580
-32509
-12424
20279
32387
11605
-20962
-32242
-10779
21631
32073
9944
-22284
-31881
-9102
22920
31667
8254
-23541
-31429
-7400
24144
31169
6541
-24730
-30886
-5676
25298
30581
4808
-25848
-30254
-3936
26379
29906
3062
-26892
-29535
-2185
27384
29144
1307
-27858
-28731
-427
28311
28298
-452
-28743
-27844
1332
29155
27371
-2210
-29546
-26877
3087
29916
26364
-3961
-30264
-25833
4833
30590
25282
-5701
-30895
-24713
6565
31177
24127
-7425
-31436
-23523
8279
31673
22902
-9127
-31887
-22265
9968
32078
21612
-10802
-32246
-20943
11629
32391
20259
-12447
-32512
-19560
13256
32610
18848
-14056
-32685
-18121
14845
32736
17382
-15624
-32763
-16630
16391
32767
15866
-17147
-32747
-15091
17890
32703
14305
-18621
-32636
-13508
19338
32546
12702
-20041
-32432
-11887
20729
32294
11063
-21403
-32133
-10231
22061
31950
9392
-22704
-31743
-8546
23330
31513
7694
-23939
-31261
-6836
24531
30986
5973
-25105
-30688
-5106
25662
30369
4236
-26199
-30028
-3362
26718
29665
2486
-27218
-29280
-1608
27698
28875
729
-28158
-28449
151
28597
28002
-1030
-29016
-27535
1909
29415
27049
-2786
-29792
-26542
3662
30147
26017
-4534
-30481
-25473
5404
30793
24910
-6269
-31082
-24330
7130
31350
23732
-7986
-31594
-23117
8836
31816
22485
-9680
-32015
-21838
10517
32191
21174
-11346
-32344
-20495
12167
32473
19801
-12980
-32579
-19093
13783
32662
18372
-14576
-32721
-17637
15358
32756
16889
-16129
-32768
-16129
16889
32756
15358
-17637
-32721
-14576
18372
32662
13783
-19093
-32579
-12980
19801
32473
12167
-20495
-32344
-11346
21174
32191
10517
-21838
-32015
-9680
22485
31816
8836
-23117
-31594
-7986
23732
31350
7130
-24330
-31082
-6269
24910
30793
5404
-25473
-30481
-4534
26017
30147
3662
-26542
-29792
-2786
27049
29415
1909
-27535
-29016
-1030
28002
28597
151
-28449
-28158
729
28875
27698
-1608
-29280
-27218
2486
29665
26718
-3362
-30028
-26199
4236
30369
25662
-5106
-30688
-25105
5973
30986
24531
-6836
-31261
-23939
7694
31513
23330
-8546
-31743
-22704
9392
31950
22061
-10231
-32133
-21403
11063
32294
20729
-11887
-32432
-20041
12702
32546
19338
-13508
-32636
-18621
14305
32703
17890
-15091
-32747
-17147
15866
32767
16391
-16630
-32763
-15624
17382
32736
14845
-18121
-32685
-14056
18848
32610
13256
-19560
-32512
-12447
20259
32391
11629
-20943
-32246
-10802
21612
32078
9968
-22265
-31887
-9127
22902
31673
8279
-23523
-31436
-7425
24127
31177
6565
-24713
-30895
-5701
25282
30590
4833
-25833
-30264
-3961
26364
29916
3087
-26877
-29546
-2210
27371
29155
1332
-27844
-28743
-452
28298
28311
-427
-28731
-27858
1307
29144
27384
-2185
-29535
-26892
3062
29906
26379
-3936
-30254
-25848
4808
30581
25298
-5676
-30886
-24730
6541
31169
24144
-7400
-31429
-23541
8254
31667
22920
-9102
-31881
-22284
9944
32073
21631
-10779
-32242
-20962
11605
32387
20279
-12424
-32509
-19580
13233
32608
18868
-14033
-32683
-18142
14823
32734
17403
-15602
-32762
-16652
16369
32767
15888
-17126
-32748
-15113
17869
32705
14327
-18600
-32638
-13531
19317
32548
12725
-20021
-32435
-11910
20710
32298
11087
-21384
-32138
-10255
22043
31955
9416
-22686
-31749
-8570
23312
31520
7718
-23922
-31268
-6860
24514
30994
5998
-25089
-30697
-5131
25646
30378
4260
-26184
-30038
-3387
26704
29675
2511
-27204
-29292
-1633
27684
28887
754
-28145
-28461
126
28585
28015
-1005
-29005
-27549
1884
29404
27063
-2761
-29781
-26557
3637
30137
26032
-4510
-30472
-25489
5379
30784
24927
-6245
-31074
-24347
7106
31342
23749
-7962
-31588
-23135
8812
31810
22504
-9656
-32010
-21856
10493
32186
21193
-11323
-32340
-20515
12144
32470
19821
-12957
-32577
-19114
13760
32660
18393
-14553
-32719
-17658
15336
32756
16911
-16108
-32768
-16151
16868
32757
15380
-17616
-32722
-14598
18351
32664
13805
-19073
-32582
-13003
19781
32477
12191
-20475
-32348
-11370
21155
32196
10541
-21819
-32021
-9704
22467
31822
8861
-23099
-31601
-8011
23715
31357
7155
-24313
-31090
-6294
24894
30801
5429
-25457
-30490
-4559
26002
30157
3687
-26528
-29802
-2811
27034
29426
1934
-27522
-29028
-1055
27989
28610
176
-28436
-28170
704
28863
27711
-1583
-29269
-27232
2461
29654
26733
-3337
-30018
-26214
4211
30360
25677
-5081
-30680
-25121
5948
30977
24548
-6811
-31253
-23956
7669
31506
23348
-8521
-31737
-22722
9368
31944
22080
-10207
-32129
-21422
11039
32290
20749
-11863
-32428
-20061
12679
32543
19358
-13485
-32634
-18641
14282
32702
17911
-15069
-32746
-17168
15844
32766
16413
-16608
-32763
-15646
17361
32737
14867
-18100
-32686
-14078
18827
32613
13279
-19540
-32515
-12470
20239
32395
11652
-20923
-32251
-10826
21593
32083
9992
-22247
-31893
-9151
22884
31679
8303
-23506
-31443
-7449
24110
31184
6590
-24697
-30903
-5726
25266
30599
4858
-25817
-30274
-3986
26349
29926
3112
-26863
-29557
-2235
27357
29167
1357
-27831
-28755
-478
28285
28323
-402
-28719
-27871
1281
29132
27398
-2160
-29525
-26906
3037
29895
26394
-3911
-30245
-25863
4783
30572
25314
-5652
-30878
-24746
6516
31161
24161
-7376
-31422
-23558
8230
31660
22938
-9078
-31875
-22302
9920
32068
21649
-10755
-32237
-20981
11582
32383
20298
-12400
-32506
-19601
13210
32605
18889
-14010
-32681
-18163
14800
32733
17425
-15580
-32762
-16673
16348
32767
15910
-17104
-32748
-15136
17848
32706
14350
-18579
-32641
-13554
19297
32551
12748
-20001
-32439
-11934
20691
32303
11110
-21365
-32143
-10279
22024
31961
9440
-22668
-31755
-8594
23295
31527
7742
-23905
-31276
-6885
24498
31002
6023
-25073
-30706
-5156
25630
30388
4285
-26169
-30048
-3412
26689
29686
2536
-27190
-29303
-1658
27671
28899
779
-28132
-28474
101
28573
28028
-980
-28993
-27562
1859
29392
27077
-2736
-29771
-26572
3612
30127
26048
-4485
-30462
-25504
5354
30776
24943
-6220
-31067
-24364
7081
31335
23767
-7938
-31581
-23153
8788
31804
22522
-9632
-32005
-21875
10469
32182
21212
-11299
-32336
-20534
12121
32467
19841
-12933
-32574
-19134
13737
32658
18413
-14530
-32718
-17679
15314
32755
16932
-16086
-32768
-16173
16846
32758
15402
-17594
-32723
-14621
18330
32666
13828
-19053
-32585
-13026
19761
32480
12214
-20456
-32352
-11393
21136
32201
10565
-21800
-32026
-9728
22449
31828
8885
-23081
-31608
-8035
23697
31364
7180
-24296
-31098
-6319
24878
30810
5453
-25441
-30499
-4584
25986
30167
3712
-26513
-29813
-2836
27020
29437
1959
-27508
-29040
-1081
27976
28622
201
-28424
-28183
679
28851
27724
-1558
-29258
-27246
2436
29643
26747
-3312
-30008
-26229
4186
30350
25693
-5057
-30671
-25138
5924
30969
24564
-6787
-31246
-23973
7645
31499
23365
-8497
-31730
-22740
9344
31938
22099
-10183
-32124
-21441
11016
32286
20768
-11840
-32424
-20081
12656
32540
19378
-13463
-32632
-18662
14260
32700
17932
-15046
-32745
-17190
15822
32766
16435
-16587
-32764
-15668
17339
32738
14890
-18079
-32688
-14101
18806
32615
13302
-19520
-32518
-12493
20219
32398
11676
-20904
-32255
-10850
21574
32088
10016
-22228
-31899
-9175
22866
31686
8327
-23488
-31450
-7473
24093
31192
6614
-24680
-30911
-5751
25250
30608
4883
-25802
-30283
-4011
26334
29936
3137
-26848
-29568
-2260
27343
29178
1382
-27818
-28767
-503
28273
28336
-377
-28707
-27884
1256
29121
27412
-2135
-29514
-26920
3012
29885
26409
-3886
-30235
-25879
4758
30563
25330
-5627
-30869
-24763
6491
31153
24178
-7351
-31415
-23576
8206
31654
22956
-9054
-31870
-22320
9896
32063
21668
-10731
-32233
-21001
11558
32379
20318
-12377
-32503
-19621
13187
32603
18909
-13987
-32679
-18184
14778
32732
17446
-15557
-32761
-16695
16326
32767
15932
-17083
-32749
-15158
17827
32708
14373
-18559
-32643
-13577
19277
32554
12772
-19981
-32442
-11957
20671
32307
11134
-21346
-32148
-10303
22006
31966
9464
-22649
-31761
-8618
23277
31534
7767
-23888
-31283
-6910
24481
31010
6047
-25057
-30715
-5181
25615
30397
4310
-26154
-30058
-3437
26674
29697
2561
-27176
-29314
-1683
27657
28911
804
-28119
-28486
75
28560
28041
-955
-28981
-27576
1834
29381
27091
-2711
-29760
-26586
3587
30118
26063
-4460
-30453
-25520
5329
30767
24959
-6195
-31059
-24380
7057
31328
23784
-7913
-31574
-23170
8764
31798
22540
-9608
-31999
-21894
10446
32177
21231
-11276
-32332
-20554
12097
32463
19861
-12910
-32571
-19155
13714
32656
18434
-14508
-32717
-17700
15291
32754
16954
-16064
-32768
-16195
16825
32758
15425
-17573
-32725
-14643
18309
32668
13851
-19032
-32587
-13049
19741
32483
12237
-20436
-32356
-11417
21116
32205
10588
-21781
-32031
-9752
22431
31834
8909
-23064
-31614
-8059
23680
31372
7204
-24279
-31106
-6343
24861
30819
5478
-25425
-30509
-4609
25971
30177
3737
-26498
-29823
-2861
27006
29448
1984
-27494
-29051
-1106
27963
28634
226
-28411
-28196
653
28839
27738
-1533
-29247
-27260
2411
29633
26762
-3287
-29997
-26244
4161
30341
25708
-5032
-30662
-25154
5899
30961
24581
-6762
-31238
-23991
7620
31492
23383
-8473
-31724
-22758
9319
31933
22117
-10159
-32119
-21460
10992
32281
20788
-11816
-32421
-20100
12633
32537
19399
-13440
-32629
-18683
14237
32698
17953
-15024
-32744
-17211
15800
32766
16456
-16565
-32764
-15690
17318
32739
14912
-18058
-32690
-14124
18786
32618
13325
-19500
-32522
-12517
20200
32402
11699
-20885
-32259
-10873
21555
32093
10040
-22210
-31904
-9199
22848
31692
8351
-23471
-31457
-7498
24076
31200
6639
-24664
-30920
-5775
25234
30617
4907
-25786
-30293
-4036
26320
29947
3162
-26834
-29579
-2285
27329
29190
1407
-27805
-28779
-528
28260
28349
-352
-28695
-27897
1231
29109
27426
-2110
-29503
-26935
2987
29875
26424
-3861
-30225
-25894
4733
30554
25346
-5602
-30861
-24779
6467
31146
24195
-7327
-31408
-23593
8181
31647
22974
-9030
-31864
-22339
9872
32058
21687
-10707
-32228
-21020
11535
32376
20338
-12354
-32500
-19641
13164
32600
18930
-13965
-32677
-18205
14755
32731
17467
-15535
-32761
-16717
16304
32767
15954
-17061
-32750
-15180
17806
32709
14395
-18538
-32645
-13600
19256
32557
12795
-19961
-32446
-11980
20652
32311
11157
-21327
-32153
-10326
21987
31972
9488
-22631
-31768
-8643
23259
31540
7791
-23870
-31291
-6934
24464
31018
6072
-25041
-30723
-5205
25599
30407
4335
-26139
-30068
-3462
26660
29707
2586
-27162
-29325
-1708
27644
28922
829
-28106
-28499
50
28548
28054
-930
-28970
-27590
1809
29370
27105
-2686
-29750
-26601
3562
30108
26078
-4435
-30444
-25536
5305
30758
24976
-6171
-31050
-24397
7032
31320
23801
-7889
-31568
-23188
8740
31792
22558
-9584
-31994
-21912
10422
32172
21251
-11252
-32328
-20573
12074
32460
19881
-12887
-32568
-19175
13691
32654
18455
-14485
-32715
-17721
15269
32753
16975
-16042
-32768
-16217
16803
32759
15447
-17552
-32726
-14665
18288
32670
13874
-19012
-32590
-13072
19721
32487
12261
-20416
-32360
-11441
21097
32210
10612
-21762
-32037
-9776
22412
31840
8933
-23046
-31621
-8084
23663
31379
7229
-24263
-31114
-6368
24845
30827
5503
-25410
-30518
-4634
25956
30186
3762
-26483
-29833
-2887
26992
29459
2009
-27481
-29063
-1131
27950
28646
251
-28399
-28209
628
28827
27751
-1507
-29235
-27273
2385
29622
26776
-3262
-29987
-26259
4136
30331
25724
-5007
-30653
-25170
5874
30953
24598
-6737
-31230
-24008
7596
31485
23400
-8449
-31718
-22776
9295
31927
22136
-10135
-32114
-21479
10968
32277
20807
-11793
-32417
-20120
12609
32534
19419
-13417
-32627
-18703
14214
32697
17974
-15002
-32743
-17233
15778
32766
16478
-16543
-32765
-15712
17297
32740
14935
-18037
-32692
-14146
18765
32620
13348
-19479
-32525
-12540
20180
32406
11723
-20865
-32264
-10897
21536
32099
10064
-22191
-31910
-9223
22830
31699
8376
-23453
-31464
-7522
24059
31207
6664
-24647
-30928
-5800
25218
30626
4932
-25771
-30302
-4061
26305
29957
3187
-26820
-29590
-2310
27315
29201
1432
-27791
-28791
-553
28247
28361
-327
-28683
-27910
1206
29098
27440
-2085
-29492
-26949
2962
29864
26439
-3836
-30216
-25910
4709
30545
25362
-5577
-30853
-24796
6442
31138
24212
-7302
-31400
-23610
8157
31641
22992
-9006
-31858
-22357
9848
32052
21706
-10684
-32224
-21039
11511
32372
20357
-12330
-32496
-19661
13141
32598
18950
-13942
-32675
-18226
14733
32730
17488
-15513
-32760
-16738
16282
32767
15976
-17040
-32751
-15202
17785
32711
14418
-18517
-32647
-13623
19236
32560
12818
-19941
-32449
-12004
20632
32315
11181
-21308
-32158
-10350
21968
31977
9512
-22613
-31774
-8667
23241
31547
7816
-23853
-31298
-6959
24448
31026
6097
-25024
-30732
-5230
25583
30416
4360
-26124
-30078
-3487
26645
29718
2611
-27147
-29337
-1733
27630
28934
854
-28093
-28511
25
28536
28067
-905
-28958
-27603
1784
29359
27119
-2661
-29739
-26616
3537
30098
26093
-4410
-30435
-25552
5280
30750
24992
-6146
-31042
-24414
7008
31313
23819
-7864
-31561
-23206
8715
31786
22577
-9560
-31988
-21931
10398
32167
21270
-11228
-32323
-20593
12051
32456
19901
-12864
-32566
-19195
13668
32651
18476
-14463
-32714
-17743
15247
32753
16997
-16020
-32768
-16239
16781
32759
15469
-17531
-32727
-14688
18268
32672
13896
-18991
-32592
-13095
19701
32490
12284
-20397
-32364
-11464
21078
32214
10636
-21744
-32042
-9800
22394
31846
8957
-23028
-31627
-8108
23645
31386
7253
-24246
-31122
-6393
24829
30836
5528
-25394
-30527
-4659
25940
30196
3787
-26468
-29844
-2912
26977
29470
2034
-27467
-29075
-1156
27937
28658
276
-28386
-28222
603
28815
27765
-1482
-29224
-27287
2360
29611
26791
-3237
-29977
-26275
4111
30322
25739
-4982
-30644
-25186
5850
30945
24614
-6713
-31223
-24025
7571
31478
23418
-8424
-31711
-22794
9271
31921
22154
-10112
-32109
-21498
10945
32273
20827
-11770
-32413
-20140
12586
32531
19439
-13394
-32625
-18724
14192
32695
17995
-14979
-32742
-17254
15756
32765
16500
-16522
-32765
-15734
17275
32741
14957
-18016
-32693
-14169
18745
32622
13371
-19459
-32528
-12563
20160
32410
11746
-20846
-32268
-10921
21517
32104
10088
-22173
-31916
-9247
22812
31705
8400
-23436
-31471
-7547
24042
31215
6688
-24631
-30936
-5825
25202
30635
4957
-25755
-30312
-4086
26290
29967
3212
-26805
-29600
-2335
27301
29212
1457
-27778
-28803
-578
28234
28374
-302
-28671
-27924
1181
29086
27453
-2060
-29481
-26963
2937
29854
26454
-3812
-30206
-25925
4684
30536
25378
-5553
-30844
-24812
6417
31130
24229
-7278
-31393
-23628
8133
31634
23010
-8982
-31852
-22375
9824
32047
21725
-10660
-32219
-21059
11488
32368
20377
-12307
-32493
-19681
13118
32595
18971
-13919
-32674
-18247
14710
32729
17510
-15491
-32760
-16760
16261
32767
15998
-17018
-32752
-15225
17764
32712
14440
-18496
-32649
-13646
19216
32563
12841
-19921
-32453
-12027
20612
32319
11205
-21289
-32163
-10374
21950
31983
9536
-22595
-31780
-8691
23224
31554
7840
-23836
-31305
-6983
24431
31034
6121
-25008
-30741
-5255
25567
30425
4385
-26108
-30088
-3512
26630
29729
2636
-27133
-29348
-1758
27617
28946
880
-28080
-28523
End
